DYNAMICS EXPLORER 1     
1 12624U 81070A   25172.35870577  .00000062  00000+0 -10040-3 0  9996
2 12624  90.8407  44.2561 6205600 322.4945   7.3622  3.52884294712426
DELTA 1 R/B(2)          
1 12679U 81070E   25173.58640911  .00000120  00000+0  13919-3 0  9991
2 12679  90.8232  45.3455 6216172 334.0694   4.9633  3.53018640562627
DELTA 1 DEB             
1 14621U 81070K   25174.68645921  .00001316  00000+0  25410-2 0  9994
2 14621  90.5647  36.7757 6051141   0.1186   0.0972  3.80733000463506
DELTA 1 DEB             
1 19478U 81070L   25172.14662859  .00000577  00000+0  20393-2 0  9990
2 19478  90.7610  45.0029 6066227 136.0900 292.4787  3.71827389418844
DELTA 1 DEB             
1 24911U 81070M   25174.88762703 -.00000004  00000+0 -32739-3 0  9995
2 24911  90.6486  40.7741 6214336 327.2974  11.0980  3.52544560358104
